DFS:
S
(2, 3) (3, 3) (4, 3) (5, 3) (6, 3) (6, 2) (5, 2) (4, 2) (3, 2) (3, 1) (4, 1) (5, 1) (6, 1) (7, 1) (8, 1) (9, 1) (9, 2) (8, 2) (8, 3) (8, 4) (7, 4) (7, 5) (8, 5) (8, 6) (7, 6) (7, 7) (6, 7) (5, 7) (4, 7) (4, 6) (3, 6) (2, 6) (1, 6) (0, 6) (0, 7) (1, 7) (2, 7) (2, 8) (1, 8) (1, 9) (0, 9)
BFS:
S
(2, 3) (3, 3) (4, 3) (5, 3) (6, 3) (6, 2) (6, 1) (7, 1) (8, 1) (8, 2) (8, 3) (8, 4) (8, 5) (8, 6) (8, 7) (7, 7) (6, 7) (5, 7) (5, 8) (4, 8) (3, 8) (2, 8) (2, 9) (1, 9) (0, 9)
UCS:
S
(2, 3) (2, 2) (3, 2) (3, 1) (4, 1) (5, 1) (6, 1) (7, 1) (8, 1) (8, 2) (8, 3) (8, 4) (7, 4) (7, 5) (7, 6) (7, 7) (6, 7) (5, 7) (4, 7) (4, 6) (3, 6) (2, 6) (1, 6) (1, 7) (1, 8) (1, 9) (0, 9)
GBFS:
S
(2, 3) (2, 2) (3, 2) (3, 1) (4, 1) (5, 1) (6, 1) (7, 1) (8, 1) (8, 2) (8, 3) (8, 4) (7, 4) (7, 5) (7, 6) (7, 7) (6, 7) (5, 7) (4, 7) (4, 8) (3, 8) (2, 8) (1, 8) (1, 9) (0, 9)
A*:
S
(2, 3) (2, 2) (3, 2) (3, 1) (4, 1) (5, 1) (6, 1) (7, 1) (8, 1) (8, 2) (8, 3) (8, 4) (7, 4) (7, 5) (7, 6) (7, 7) (6, 7) (5, 7) (4, 7) (4, 8) (3, 8) (2, 8) (1, 8) (1, 9) (0, 9)
