DFS:
S
(2, 3) (1, 3) (1, 2) (2, 2) (3, 2) (4, 2) (5, 2) (6, 2) (7, 2) (8, 2) (8, 3) (8, 4) (7, 4) (7, 5) (8, 5) (8, 6) (7, 6) (7, 7) (6, 7) (5, 7) (4, 7) (4, 6) (3, 6) (2, 6) (1, 6) (0, 6) (0, 5) (1, 5) (2, 5)
BFS:
S
(2, 3) (3, 3) (4, 3) (5, 3) (6, 3) (6, 2) (7, 2) (8, 2) (8, 3) (8, 4) (8, 5) (8, 6) (8, 7) (7, 7) (6, 7) (5, 7) (4, 7) (4, 6) (3, 6) (2, 6) (2, 5)
UCS:
S
(2, 3) (2, 2) (3, 2) (4, 2) (5, 2) (6, 2) (7, 2) (8, 2) (8, 3) (8, 4) (7, 4) (7, 5) (7, 6) (7, 7) (6, 7) (5, 7) (4, 7) (4, 6) (3, 6) (2, 6) (2, 5)
GBFS:
S
(2, 3) (2, 2) (3, 2) (4, 2) (5, 2) (6, 2) (7, 2) (8, 2) (8, 3) (8, 4) (7, 4) (7, 5) (7, 6) (7, 7) (6, 7) (5, 7) (4, 7) (4, 6) (3, 6) (2, 6) (2, 5)
A*:
S
(2, 3) (2, 2) (3, 2) (4, 2) (5, 2) (6, 2) (7, 2) (8, 2) (8, 3) (8, 4) (7, 4) (7, 5) (7, 6) (7, 7) (6, 7) (5, 7) (4, 7) (4, 6) (3, 6) (2, 6) (2, 5)
